 18512 17972 23477 44794 54734 54360  7945 14673
 61470 19370 55915  2534 11748 14438 48503 43227
 29309 59458 13526    49 52430 45664 28978 14527
 53295 33813 38057 54611 14713 38421 59500 65496
  3333  6065 19941  2682 59134 33265 41221 28803
 37110 14871 37864 22047 46227 11194  9595 13698
   903  5664 52933 22039 40781 38722 55161 10374
 26257 41151 37798 29214 19892 47692 25659 46977
 24840 37470 51222 30553 44270 56225 36981 56515
 31943  2978 12830 60055 17212 40868 49135 20481
 25298 15353 16102 10186 57305   368 14970 16201
 46087 28252 34768 50734 26723 54470  5354 51891
 31893 22112 45707 55504 37761 54762   796 23924
 30496  7325 40034 11077 35266 53799  6305 49772
  9083 41303 59553 29278  7248 32448 51047 65155
 34105 33728 18865 61537 25191  3267 52919 11398
 30452 18818 57984 60001 31035 53275 29739 45351
 13383 20109 34416  8247 52373 22886 60858 13382
 41298  6321 51899 50890 58591  1432
